967
306 233
101 39
873 875
123 92
679 480
784 781
155 237
211 639
7 8
930 665
810 736
330 30
309 83
9 2
740 286
69 54
26 825
150 286
528 605
3 4
602 473
30 269
80 73
748 103
29 11
622 285
288 62
601 606
134 4
878 31
250 381
286 445
336 552
249 438
808 787
108 424
67 429
593 868
234 693
116 8
145 682
1 82
211 466
68 249
407 320
257 948
101 250
395 101
120 343
639 951
53 598
367 860
284 379
61 5
544 834
2 471
182 114
214 412
20 117
42 653
75 144
71 46
150 193
564 664
216 798
555 247
516 333
188 463
571 191
896 879
292 867
402 522
191 386
143 600
397 918
475 529
40 201
278 180
54 87
269 848
51 20
769 227
6 296
637 229
672 234
601 466
185 434
245 476
853 873
132 281
80 240
163 27
352 468
430 805
934 853
36 149
703 178
610 256
81 266
747 271
7 10
314 11
166 42
393 453
926 750
806 458
327 147
440 451
162 22
236 52
575 159
50 333
533 124
109 667
535 101
330 880
208 447
674 374
628 178
395 591
823 588
196 86
268 728
332 305
574 560
241 209
712 436
154 180
26 17
829 77
371 391
156 194
413 423
90 206
3 14
84 909
197 301
50 47
711 110
285 953
847 634
46 142
160 74
272 635
10 187
163 413
227 105
387 925
196 826
188 203
620 830
965 579
29 76
495 190
73 42
688 467
715 658
18 15
287 109
479 418
263 335
503 248
154 64
846 623
156 118
491 161
12 67
458 735
579 368
250 400
372 560
251 310
46 84
246 236
33 705
797 105
498 638
39 103
78 303
933 316
495 964
864 608
258 114
503 727
134 292
714 557
209 76
573 69
35 169
532 563
329 366
350 351
275 153
156 183
111 104
318 176
254 367
889 720
454 734
54 410
415 923
131 5
530 87
346 405
966 72
569 296
244 724
197 220
526 921
549 432
154 590
48 135
353 320
680 783
12 43
30 5
102 120
883 635
809 62
261 182
290 71
191 283
120 199
147 320
799 687
207 110
93 593
236 779
114 47
63 408
431 557
594 535
322 778
696 82
88 57
148 899
802 305
118 656
256 63
170 20
630 258
364 353
348 330
56 66
577 671
82 204
57 252
383 266
311 75
795 454
746 500
60 787
646 543
261 346
113 148
592 780
315 170
141 161
202 355
210 161
869 822
166 546
63 85
922 135
631 937
96 34
818 558
327 341
53 879
431 236
15 219
3 6
96 152
477 292
213 197
644 524
35 8
380 36
882 119
141 208
265 231
920 170
757 34
399 245
474 311
334 854
200 136
241 892
839 890
709 478
158 532
247 222
863 138
230 294
48 469
312 494
423 915
243 129
611 955
2 174
687 285
512 455
586 828
619 98
182 384
218 442
556 247
390 55
98 481
205 9
445 789
225 152
593 935
204 488
222 99
91 26
471 493
322 707
891 266
827 221
32 27
26 39
766 218
147 138
21 168
136 131
293 281
111 239
719 518
496 367
652 131
65 176
151 387
607 601
422 249
227 473
162 317
917 694
742 492
215 433
274 289
402 106
9 44
841 749
845 835
952 395
641 816
40 360
786 305
704 437
325 172
436 452
731 149
161 382
151 103
339 200
367 765
576 278
528 283
140 167
478 394
777 213
64 718
8 78
71 645
504 387
924 848
609 186
531 908
509 767
137 115
537 323
528 927
204 538
168 513
426 753
505 263
609 733
7 40
811 775
548 756
255 46
678 46
357 263
596 154
540 196
130 104
14 21
655 298
341 844
277 117
119 271
256 790
113 668
46 32
217 738
310 458
794 490
708 617
468 545
17 218
537 627
230 284
56 202
30 157
241 676
941 718
341 345
282 570
215 46
97 350
558 947
307 211
52 99
88 90
129 103
140 509
60 181
65 56
42 107
81 77
114 403
208 397
406 239
701 612
409 308
38 426
19 54
849 735
344 914
491 506
16 439
755 17
150 47
57 38
298 63
336 611
835 667
217 142
629 583
263 100
31 38
288 291
957 846
772 494
695 484
117 165
287 300
17 53
376 568
58 28
328 22
877 352
502 68
359 287
553 140
589 448
96 524
109 38
750 68
842 418
24 389
113 16
272 244
465 813
27 93
48 32
906 154
903 843
819 116
492 306
415 9
140 37
446 317
899 916
907 351
539 351
445 572
21 95
62 21
1 465
2 173
894 890
326 685
554 670
700 363
286 759
144 773
675 958
173 414
274 428
212 194
310 636
268 247
594 764
226 336
349 28
192 449
316 515
154 313
585 588
779 887
211 78
566 208
234 626
141 94
194 723
773 793
16 9
967 421
715 758
136 254
223 66
144 177
156 751
146 84
137 253
6 11
100 33
135 895
900 410
938 866
457 58
8 580
12 1
736 198
67 430
647 84
541 411
373 165
10 19
101 807
831 865
729 371
223 262
651 743
86 126
210 614
791 457
789 942
64 58
201 251
66 274
342 456
150 368
618 859
105 6
224 525
226 33
290 721
427 358
386 744
64 321
450 364
363 287
650 478
489 333
680 185
857 57
401 300
341 435
517 625
694 655
885 312
407 444
633 371
158 338
232 312
690 374
963 260
427 586
677 236
233 33
593 817
377 203
164 4
23 47
7 634
41 191
396 307
720 250
310 508
414 470
29 36
843 226
151 234
544 550
668 959
356 726
17 49
64 378
647 874
620 136
260 19
188 141
311 561
54 155
905 384
651 837
422 448
75 51
403 616
310 658
862 796
139 175
58 654
286 954
961 807
960 492
322 189
187 352
939 119
754 709
56 118
737 313
188 554
531 109
490 461
514 13
462 100
255 418
295 134
115 107
763 212
490 681
578 103
723 833
460 284
146 329
518 140
71 440
851 408
315 761
229 208
901 130
19 28
928 24
782 574
852 551
736 893
76 216
855 837
42 186
654 853
732 483
82 197
287 814
519 243
821 759
408 698
6 33
297 615
520 397
30 52
171 61
20 902
686 614
919 36
430 669
962 444
665 134
858 91
39 77
23 7
636 717
186 238
454 317
608 291
7 24
370 84
453 618
2 22
201 398
91 326
18 365
510 269
421 93
375 487
832 598
400 706
884 932
222 788
106 80
178 35
302 93
63 27
801 188
1 2
15 72
368 443
820 785
152 713
189 87
21 92
812 125
153 19
188 661
822 800
94 280
34 143
956 267
235 308
944 527
55 5
316 125
876 188
660 128
305 166
836 910
279 272
532 781
125 61
108 190
74 21
106 662
11 56
35 221
27 361
124 547
37 34
459 785
380 792
276 260
337 13
224 461
179 132
203 273
135 139
31 770
355 897
125 185
20 14
53 70
635 663
342 330
217 416
804 856
270 102
85 159
242 34
642 462
583 527
500 673
486 462
659 175
354 295
565 42
453 752
324 548
683 247
119 41
4 27
154 432
228 106
498 562
128 7
225 372
771 288
4 483
2 5
59 33
334 89
739 444
230 173
53 244
544 722
439 551
143 232
596 870
727 749
362 507
94 31
586 886
235 126
651 604
18 60
15 14
741 738
14 79
115 558
62 112
60 248
349 441
534 378
238 392
78 184
99 110
106 121
472 342
768 840
692 684
459 298
297 286
22 89
745 606
12 31
334 500
245 144
133 104
83 40
515 666
12 904
936 339
86 45
353 582
423 699
257 124
725 132
336 716
498 452
527 240
189 730
447 484
19 145
132 127
519 613
226 592
501 193
161 304
530 577
488 850
831 750
124 264
402 567
38 122
393 317
612 131
871 66
417 281
662 796
267 109
385 526
804 799
32 34
362 302
800 258
850 912
199 388
581 120
643 210
17 861
128 195
775 401
838 142
420 253
540 774
464 207
523 68
224 30
7 6
559 10
127 299
331 621
702 464
443 762
27 45
404 375
23 138
198 14
3 42
536 398
151 467
544 263
760 703
102 27
179 913
475 27
697 393
322 710
371 330
543 469
172 60
292 324
884 214
54 641
497 255
268 768
78 104
394 196
113 684
258 776
168 347
554 595
691 410
344 95
136 689
105 331
137 597
430 437
314 375
803 761
847 950
251 436
649 600
75 158
542 120
71 97
119 815
46 419
138 623
581 872
480 331
316 888
584 473